11111000
01000000
00000011
11100000
11111000
01000000
10000011
11100001
11111000
01000001
00000011
11101100
11111000
01000001
10000011
11101101
10001011
00000001
00000000
00000100
11001011
00000001
00000000
00011001
11001011
00000000
00000000
00110000
10101010
00001101
00000001
10011110
10001010
00001101
00000001
10001000
10101010
00000001
00000000
00011111
10110100
00000000
00000000
01111111
11111000
00000010
00000001
00111111
00010100
00000000
00000000
00000000
11111000
00000010
00000011
11100100
11111000
00000010
10000011
11111001
11111000
00000011
00000011
11110000
11111000
00000011
10000011
11111110
11111000
00000100
00000011
11101000
00010100
00000000
00000000
00000000
00000000
00000000
00000000
00000000
00000000
00000000
00000000
00000000
00000000
00000000
00000000
00000000
00000000
00000000
00000000
00000000
00000000
00000000
00000000
00000000
00000000
00000000
00000000
00000000
00000000
00000000
00000000
00000000
00000000
00000000
00000000
00000000
00000000
00000000
00000000
00000000
00000000
00000000
00000000
00000000
00000000
00000000
00000000
00000000
00000000
00000000
00000000
00000000
00000000
00000000
00000000
00000000