11111000
01000000
00000011
11100001
11111000
01000000
10000011
11100010
11111000
01000001
00000011
11100011
11001011
00000011
00000000
01000100
10110100
00000000
00000000
11100100
10001010
00000001
00000000
10000101
10110100
00000000
00000000
01100101
11001011
00000010
00000000
01100011
00010111
11111111
11111111
11111011
11001011
00000011
00000000
01000010
00010111
11111111
11111111
11111001
11111000
00000000
10000011
11100010
00010100
00000000
00000000
00000000
00000000
00000000
00000000
00000000
00000000
00000000
00000000
00000000
00000000
00000000
00000000
00000000